1,633,277,44,811,455,989
2,455,44,989,633,811,277
3,277,811,633,989,44,455
4,989,455,811,44,277,633
5,44,633,455,277,989,811
6,811,989,277,455,633,44
7,277,989,633,455,811,44
8,455,44,989,811,277,633
9,44,811,455,633,989,277
10,811,633,44,277,455,989
11,633,277,811,989,44,455
12,989,455,277,44,633,811
13,633,277,44,811,989,455
14,811,455,277,989,633,44
15,989,44,455,633,811,277
16,455,989,811,44,277,633
17,277,811,633,455,44,989
18,44,633,989,277,455,811
19,989,455,277,811,633,44
20,633,277,44,989,811,455
21,277,989,633,455,44,811
22,44,633,811,277,455,989
23,455,811,989,44,277,633
24,811,44,455,633,989,277
25,811,455,633,277,989,44
26,989,633,44,811,277,455
27,277,44,455,989,811,633
28,455,277,811,44,633,989
29,633,811,989,455,44,277
30,44,989,277,633,455,811
31,455,44,277,633,811,989
32,633,989,44,811,455,277
33,989,811,633,277,44,455
34,44,633,455,989,277,811
35,811,277,989,455,633,44
36,277,455,811,44,989,633
37,633,811,455,277,44,989
38,811,277,633,989,455,44
39,989,44,277,455,811,633
40,44,455,989,633,277,811
41,277,989,811,44,633,455
42,455,633,44,811,989,277
43,277,811,633,455,989,44
44,455,44,811,989,277,633
45,44,989,455,633,811,277
46,811,455,277,44,633,989
47,989,633,44,277,455,811
48,633,277,989,811,44,455
49,455,811,989,277,44,633
50,633,44,277,989,811,455
51,277,633,811,44,455,989
52,989,455,44,811,633,277
53,44,989,633,455,277,811
54,811,277,455,633,989,44
55,811,989,44,633,277,455
56,633,455,989,277,811,44
57,277,44,455,811,633,989
58,455,277,633,44,989,811
59,989,633,811,455,44,277
60,44,811,277,989,455,633
61,277,44,989,455,811,633
62,633,811,455,989,44,277
63,455,633,44,811,277,989
64,989,277,811,44,633,455
65,44,455,277,633,989,811
66,811,989,633,277,455,44
67,277,989,455,44,633,811
68,633,455,811,277,44,989
69,455,277,633,989,811,44
70,811,633,44,455,989,277
71,989,44,277,811,455,633
72,44,811,989,633,277,455
73,44,811,455,277,633,989
74,455,44,633,811,989,277
75,989,633,277,455,811,44
76,633,455,989,44,277,811
77,277,989,811,633,44,455
78,811,277,44,989,455,633
79,633,455,44,989,277,811
80,989,811,455,277,633,44
81,277,44,811,633,989,455
82,455,989,633,811,44,277
83,44,633,277,455,811,989
84,811,277,989,44,455,633
85,455,989,277,633,811,44
86,633,44,989,811,455,277
87,44,811,633,277,989,455
88,989,633,455,44,277,811
89,277,455,811,989,44,633
90,811,277,44,455,633,989
91,989,633,277,811,44,455
92,277,989,44,633,455,811
93,811,455,633,44,989,277
94,455,44,811,277,633,989
95,633,811,989,455,277,44
96,44,277,455,989,811,633
97,811,455,633,44,277,989
98,277,633,989,811,44,455
99,455,44,811,989,633,277
100,633,811,277,455,989,44
101,989,277,44,633,455,811
102,44,989,455,277,811,633
103,455,811,633,44,277,989
104,989,277,44,633,811,455
105,633,455,277,811,989,44
106,277,633,989,455,44,811
107,44,989,811,277,455,633
108,811,44,455,989,633,277
109,811,633,989,277,44,455
110,44,989,455,811,277,633
111,989,811,44,633,455,277
112,455,44,277,989,633,811
113,277,455,633,44,811,989
114,633,277,811,455,989,44
115,989,277,44,455,633,811
116,277,455,989,811,44,633
117,811,633,455,44,277,989
118,44,989,633,277,811,455
119,633,44,811,989,455,277
120,455,811,277,633,989,44